  352   is the number of points
    0.20000d+01    0.10000d-01
      0.26285192D+01     -0.11058396D+02
      0.25199682D+01     -0.10653775D+02
      0.24154039D+01     -0.10261034D+02
      0.23147094D+01     -0.98797440D+01
      0.22177722D+01     -0.95095501D+01
      0.21244807D+01     -0.91505560D+01
      0.20347269D+01     -0.88019583D+01
      0.19484048D+01     -0.84642025D+01
      0.18654106D+01     -0.81363228D+01
      0.17856434D+01     -0.78187627D+01
      0.17090038D+01     -0.75107502D+01
      0.16353960D+01     -0.72124018D+01
      0.15647247D+01     -0.69233926D+01
      0.14968984D+01     -0.66433598D+01
      0.14318266D+01     -0.63724587D+01
      0.13694218D+01     -0.61099347D+01
      0.13095980D+01     -0.58562275D+01
      0.12522713D+01     -0.56104669D+01
      0.11973604D+01     -0.53730559D+01
      0.11447849D+01     -0.51433336D+01
      0.10944677D+01     -0.49213774D+01
      0.10463322D+01     -0.47069519D+01
      0.10003050D+01     -0.44996905D+01
      0.95631346D+00     -0.42997901D+01
      0.91428752D+00     -0.41065430D+01
      0.87415847D+00     -0.39203804D+01
      0.83585938D+00     -0.37405196D+01
      0.79932547D+00     -0.35673253D+01
      0.76449278D+00     -0.34002359D+01
      0.73130017D+00     -0.32392949D+01
      0.69968683D+00     -0.30843439D+01
      0.66959480D+00     -0.29350164D+01
      0.64096661D+00     -0.27915422D+01
      0.61374711D+00     -0.26532593D+01
      0.58788225D+00     -0.25205874D+01
      0.56331943D+00     -0.23928244D+01
      0.54000796D+00     -0.22702995D+01
      0.51789776D+00     -0.21525398D+01
      0.49694119D+00     -0.20395590D+01
      0.47709083D+00     -0.19312659D+01
      0.45830173D+00     -0.18272961D+01
      0.44052928D+00     -0.17279059D+01
      0.42373083D+00     -0.16324772D+01
      0.40786474D+00     -0.15414161D+01
      0.39289043D+00     -0.14540954D+01
      0.37876909D+00     -0.13708101D+01
      0.36546225D+00     -0.12911675D+01
      0.35293363D+00     -0.12151550D+01
      0.34114701D+00     -0.11427396D+01
      0.33006832D+00     -0.10735614D+01
      0.31966371D+00     -0.10078971D+01
      0.30990099D+00     -0.94517084D+00
      0.30074880D+00     -0.88577363D+00
      0.29217662D+00     -0.82914708D+00
      0.28415550D+00     -0.77555454D+00
      0.27665661D+00     -0.72467480D+00
      0.26965310D+00     -0.67647272D+00
      0.26311802D+00     -0.63096507D+00
      0.25702627D+00     -0.58779859D+00
      0.25135292D+00     -0.54726479D+00
      0.24607436D+00     -0.50882874D+00
      0.24116774D+00     -0.47286487D+00
      0.23661078D+00     -0.43887842D+00
      0.23238259D+00     -0.40710273D+00
      0.22846229D+00     -0.37728083D+00
      0.22483070D+00     -0.34935768D+00
      0.22146844D+00     -0.32339294D+00
      0.21835773D+00     -0.29904124D+00
      0.21548089D+00     -0.27660442D+00
      0.21282127D+00     -0.25558673D+00
      0.21036291D+00     -0.23634487D+00
      0.20809018D+00     -0.21844279D+00
      0.20598873D+00     -0.20208548D+00
      0.20404404D+00     -0.18707339D+00
      0.20224309D+00     -0.17333414D+00  
      0.20057261D+00     -0.16096380D+00
      0.19902065D+00     -0.14962605D+00
      0.19757530D+00     -0.13962895D+00
      0.19622546D+00     -0.13051422D+00
      0.19496064D+00     -0.12261983D+00
      0.19377050D+00     -0.11556388D+00
      0.19264584D+00     -0.10952444D+00
      0.19157714D+00     -0.10435322D+00
      0.19055626D+00     -0.99962583D-01
      0.18957468D+00     -0.96479305D-01
      0.18862501D+00     -0.93576891D-01
      0.18769986D+00     -0.91566009D-01
      0.18679243D+00     -0.90024090D-01
      0.18589648D+00     -0.89269576D-01
      0.18500573D+00     -0.88970345D-01
      0.18411494D+00     -0.89278892D-01
      0.18321847D+00     -0.90092496D-01
      0.18231185D+00     -0.91310128D-01
      0.18139021D+00     -0.93084027D-01
      0.18044963D+00     -0.95098114D-01
      0.17948612D+00     -0.97662454D-01
      0.17849613D+00     -0.10038838D+00
      0.17747657D+00     -0.10357415D+00
      0.17642424D+00     -0.10693332D+00
      0.17533682D+00     -0.11059404D+00
      0.17421154D+00     -0.11449389D+00
      0.17304664D+00     -0.11852008D+00
      0.17183994D+00     -0.12284558D+00
      0.17059001D+00     -0.12716509D+00
      0.16929536D+00     -0.13178523D+00
      0.16795476D+00     -0.13634944D+00
      0.16656741D+00     -0.14113525D+00
      0.16513228D+00     -0.14589802D+00
      0.16364912D+00     -0.15074271D+00  
      0.16211720D+00     -0.15564236D+00
      0.16053663D+00     -0.16047381D+00
      0.15890711D+00     -0.16542646D+00
      0.15722893D+00     -0.17020606D+00
      0.15550230D+00     -0.17511323D+00
      0.15372758D+00     -0.17982171D+00
      0.15190548D+00     -0.18458794D+00
      0.15003643D+00     -0.18920540D+00
      0.14812156D+00     -0.19375696D+00
      0.14616144D+00     -0.19824662D+00
      0.14415742D+00     -0.20254214D+00
      0.14211037D+00     -0.20684545D+00
      0.14002167D+00     -0.21087342D+00
      0.13789259D+00     -0.21491850D+00
      0.13572446D+00     -0.21868295D+00
      0.13351892D+00     -0.22240184D+00
      0.13127724D+00     -0.22590334D+00
      0.12900136D+00     -0.22924925D+00
      0.12669260D+00     -0.23247044D+00
      0.12435298D+00     -0.23542670D+00
      0.12198404D+00     -0.23832898D+00
      0.11958772D+00     -0.24090531D+00
      0.11716585D+00     -0.24343802D+00
      0.11472021D+00     -0.24565616D+00
      0.11225291D+00     -0.24777330D+00
      0.10976562D+00     -0.24964910D+00
      0.10726060D+00     -0.25132528D+00
      0.10473952D+00     -0.25285580D+00
      0.10220462D+00     -0.25409351D+00
      0.99657701D-01     -0.25525524D+00
      0.97100858D-01     -0.25608012D+00
      0.94536102D-01     -0.25683872D+00
      0.91965308D-01     -0.25728524D+00
      0.89390670D-01     -0.25761174D+00
      0.86813902D-01     -0.25770630D+00
      0.84237263D-01     -0.25759165D+00
      0.81662426D-01     -0.25734133D+00
      0.79091556D-01     -0.25680225D+00
      0.76526412D-01     -0.25619429D+00
      0.73968946D-01     -0.25526761D+00
      0.71421063D-01     -0.25427964D+00
      0.68884464D-01     -0.25300812D+00
      0.66361169D-01     -0.25162375D+00
      0.63852691D-01     -0.25004025D+00
      0.61361048D-01     -0.24826236D+00
      0.58887686D-01     -0.24638007D+00
      0.56434481D-01     -0.24423526D+00
      0.54002928D-01     -0.24204839D+00
      0.51594653D-01     -0.23958055D+00
      0.49211256D-01     -0.23707489D+00
      0.46854095D-01     -0.23433123D+00
      0.44524837D-01     -0.23149916D+00
      0.42224638D-01     -0.22851546D+00
      0.39955123D-01     -0.22536794D+00
      0.37717368D-01     -0.22216018D+00
      0.35512822D-01     -0.21872994D+00
      0.33342593D-01     -0.21529608D+00
      0.31207865D-01     -0.21163054D+00
      0.29109823D-01     -0.20796133D+00
      0.27049378D-01     -0.20410893D+00
      0.25027754D-01     -0.20020225D+00
      0.23045662D-01     -0.19619875D+00
      0.21104255D-01     -0.19207040D+00
      0.19204169D-01     -0.18793182D+00
      0.17346365D-01     -0.18361753D+00
      0.15531504D-01     -0.17934294D+00
      0.13760279D-01     -0.17489077D+00
      0.12033417D-01     -0.17047323D+00
      0.10351346D-01     -0.16593021D+00
      0.87148130D-02     -0.16137046D+00
      0.71240640D-02     -0.15676995D+00
      0.55797624D-02     -0.15208598D+00
      0.40820885D-02     -0.14744192D+00
      0.26315097D-02     -0.14266995D+00
      0.12282392D-02     -0.13798042D+00
     -0.12751570D-03     -0.13316682D+00
     -0.14354790D-02     -0.12842516D+00
     -0.26956886D-02     -0.12361352D+00
     -0.39078542D-02     -0.11882122D+00
     -0.50721732D-02     -0.11404076D+00
     -0.61884429D-02     -0.10921595D+00
     -0.72569044D-02     -0.10447690D+00
     -0.82775453D-02     -0.99654355D-01
     -0.92505614D-02     -0.94952315D-01
     -0.10176183D-01     -0.90175022D-01
     -0.11054538D-01     -0.85502069D-01
     -0.11886074D-01     -0.80808715D-01
     -0.12670906D-01     -0.76165585D-01
     -0.13409610D-01     -0.71580004D-01
     -0.14102383D-01     -0.66983502D-01
     -0.14749822D-01     -0.62511156D-01
     -0.15352300D-01     -0.57993222D-01
     -0.15910351D-01     -0.53626262D-01
     -0.16424566D-01     -0.49225322D-01
     -0.16895402D-01     -0.44953579D-01
     -0.17323638D-01     -0.40702498D-01
     -0.17709710D-01     -0.36524952D-01
     -0.18054493D-01     -0.32441478D-01
     -0.18358496D-01     -0.28372621D-01
     -0.18622586D-01     -0.24456901D-01
     -0.18847430D-01     -0.20525002D-01
     -0.19033812D-01     -0.16765219D-01
     -0.19182593D-01     -0.13003480D-01
     -0.19294466D-01     -0.93867143D-02
     -0.19370445D-01     -0.58217378D-02
     -0.19411195D-01     -0.23446829D-02
     -0.19417791D-01      0.10121063D-02
     -0.19390959D-01      0.43377670D-02
     -0.19331739D-01      0.74916511D-02
     -0.19240993D-01      0.10641713D-01
     -0.19119659D-01      0.13608551D-01
     -0.18968765D-01      0.16555254D-01
     -0.18789146D-01      0.19350810D-01
     -0.18581949D-01      0.22073822D-01
     -0.18347970D-01      0.24703804D-01
     -0.18088386D-01      0.27197862D-01
     -0.17804040D-01      0.29653491D-01
     -0.17496046D-01      0.31929041D-01
     -0.17165366D-01      0.34190177D-01
     -0.16812992D-01      0.36266832D-01
     -0.16440025D-01      0.38310990D-01
     -0.16047342D-01      0.40207101D-01
     -0.15636131D-01      0.42019881D-01
     -0.15207222D-01      0.43743337D-01
     -0.14761803D-01      0.45325144D-01
     -0.14300739D-01      0.46869832D-01 
     -0.13825130D-01      0.48235703D-01
     -0.13335944D-01      0.49585226D-01
     -0.12834142D-01      0.50757954D-01
     -0.12320803D-01      0.51894646D-01
     -0.11796768D-01      0.52894640D-01
     -0.11263176D-01      0.53809410D-01
     -0.10720811D-01      0.54646254D-01
     -0.10170785D-01      0.55344430D-01
     -0.96139110D-02      0.56014191D-01
     -0.90511921D-02      0.56514606D-01
     -0.84835253D-02      0.57004071D-01
     -0.79117672D-02      0.57331915D-01
     -0.73369036D-02      0.57627557D-01
     -0.67596640D-02      0.57804575D-01
     -0.61810701D-02      0.57901797D-01
     -0.56017923D-02      0.57938602D-01
     -0.50228041D-02      0.57846746D-01
     -0.44447968D-02      0.57740927D-01
     -0.38686203D-02      0.57481675D-01
     -0.32950392D-02      0.57222491D-01
     -0.27247486D-02      0.56822524D-01
     -0.21585844D-02      0.56399769D-01
     -0.15971139D-02      0.55881335D-01
     -0.10411891D-02      0.55293981D-01
     -0.49131874D-03      0.54667955D-01
      0.51710067D-04      0.53928356D-01
      0.58737044D-03      0.53193100D-01
      0.11150084D-02      0.52324778D-01
      0.16340326D-02      0.51471234D-01
      0.21439456D-02      0.50501406D-01
      0.26440982D-02      0.49521818D-01
      0.31341175D-02      0.48472367D-01
      0.36133529D-02      0.47368312D-01
      0.40814858D-02      0.46249581D-01
      0.45379418D-02      0.45035412D-01
      0.49823832D-02      0.43845777D-01
      0.54143734D-02      0.42545855D-01
      0.58335149D-02      0.41277150D-01
      0.62395249D-02      0.39918296D-01
      0.66319573D-02      0.38564355D-01
      0.70106462D-02      0.37167253D-01
      0.73751542D-02      0.35731331D-01
      0.77253617D-02      0.34305047D-01
      0.80609139D-02      0.32802537D-01
      0.83816679D-02      0.31344748D-01
      0.86874066D-02      0.29799920D-01
      0.89779284D-02      0.28302625D-01
      0.92531627D-02      0.26741059D-01
      0.95128648D-02      0.25198898D-01
      0.97570699D-02      0.23639343D-01
      0.99855476D-02      0.22056416D-01
      0.10198368D-01      0.20506011D-01
      0.10395386D-01      0.18897902D-01
      0.10576642D-01      0.17353020D-01
      0.10742123D-01      0.15743104D-01
      0.10891808D-01      0.14195295D-01
      0.11025821D-01      0.12607202D-01
      0.11144100D-01      0.11051256D-01
      0.11246861D-01      0.95012004D-02
      0.11334059D-01      0.79413649D-02
      0.11405929D-01      0.64340562D-02
      0.11462512D-01      0.48854117D-02
      0.11504003D-01      0.34154605D-02
      0.11530566D-01      0.18998476D-02
      0.11542335D-01      0.45789083D-03
      0.11539594D-01     -0.10035514D-02
      0.11522436D-01     -0.24230717D-02
      0.11491221D-01     -0.38170876D-02
      0.11446058D-01     -0.52103011D-02
      0.11387313D-01     -0.65349451D-02
      0.11315174D-01     -0.78877913D-02
      0.11229958D-01     -0.91505008D-02
      0.11131967D-01     -0.10443128D-01
      0.11021449D-01     -0.11654469D-01
      0.10898812D-01     -0.12868579D-01
      0.10764261D-01     -0.14034777D-01
      0.10618263D-01     -0.15160309D-01
      0.10461036D-01     -0.16278213D-01
      0.10293037D-01     -0.17316133D-01
      0.10114559D-01     -0.18373027D-01
      0.99259976D-02     -0.19332927D-01
      0.97277477D-02     -0.20311207D-01
      0.95201300D-02     -0.21204966D-01
      0.93036312D-02     -0.22089331D-01
      0.90785254D-02     -0.22923980D-01
      0.88453394D-02     -0.23707614D-01
      0.86043584D-02     -0.24480876D-01
      0.83560847D-02     -0.25167621D-01
      0.81008698D-02     -0.25868265D-01
      0.78391438D-02     -0.26469795D-01
      0.75713503D-02     -0.27082534D-01
      0.72948665D-02     -0.28222793D-01
      0.70067242D-02     -0.29414075D-01
      0.67064202D-02     -0.30654748D-01
      0.63934757D-02     -0.31941427D-01
      0.60674572D-02     -0.33268314D-01
      0.57280052D-02     -0.34626299D-01
      0.53748724D-02     -0.36001750D-01
      0.50079770D-02     -0.37374894D-01
      0.46274746D-02     -0.38717638D-01
      0.42338549D-02     -0.39990669D-01
      0.38280726D-02     -0.41139623D-01
      0.34117211D-02     -0.42090115D-01
      0.29872637D-02     -0.42741475D-01
      0.25583321D-02     -0.42959290D-01
      0.21301045D-02     -0.42567505D-01
      0.17097542D-02     -0.41342463D-01
      0.13069276D-02     -0.39014780D-01
      0.93411173D-03     -0.35292426D-01
      0.60656022D-03     -0.29932329D-01
      0.34106780D-03     -0.22908723D-01
      0.15233309D-03     -0.14733872D-01
      0.45469955D-04     -0.68717476D-02
      0.60618938D-05     -0.16286527D-02
      0.10773974D-06     -0.65129627D-04
      0.60489323D-12     -0.14626533D-08
      0.00000000D+00      0.00000000D+00

